 <pre>

 Contingency table for Cloud cover (octas)
 Selection: ALL    413 stations
Period: 20211209-20211229
Used {00,03,...,21} + 01 02 ... 09
 Limits   0.500000000       1.50000000       2.50000000       3.50000000       4.50000000       5.50000000       6.50000000       7.50000000    
 Each class is data <= limit, the very last > last limit
 Total number of values      370627
                                                       OBSERVATION
                                  30443     3671     2099     1441      948     1017     1368     2640     3736 |     47363
                                   2392      580      592      516      347      475      785     1708     2521 |      9916
                                   1193      306      382      325      211      303      566     1224     2070 |      6580
                                    916      237      344      273      176      333      430     1074     2033 |      5816
                      MNWC_Ref      849      217      286      256      160      287      475     1001     2016 |      5547
                                    723      230      312      251      196      316      471     1201     2362 |      6062
                                    822      257      326      300      236      344      659     1488     3321 |      7753
                                   1109      387      451      414      343      533      968     2639     6431 |     13275
                                   6493     2235     1768     2136     1829     3338     5400    42405   202711 |    268315

                    SUM           44940     8120     6560     5912     4446     6946    11122    55380   227201 |    370627
                                                       OBSERVATION
                                  30966     3752     2202     1578     1033     1139     1551     3229     5094 |     50544
                                   2331      602      612      551      362      506      829     1891     3411 |     11095
                                   1153      305      387      292      221      349      606     1359     2472 |      7144
                                    917      248      329      264      168      318      459     1142     2312 |      6157
                     MNWC_Exp0      805      223      297      237      172      285      448     1112     2298 |      5877
                                    725      211      289      252      184      305      518     1314     2693 |      6491
                                    800      264      327      301      229      337      610     1578     3714 |      8160
                                   1077      382      430      420      334      563      957     2738     7241 |     14142
                                   6166     2133     1687     2017     1743     3144     5144    41017   197966 |    261017

                    SUM           44940     8120     6560     5912     4446     6946    11122    55380   227201 |    370627
                                                       OBSERVATION
                                  30764     3694     2085     1449      947     1019     1317     2722     3847 |     47844
                                   2474      589      653      481      382      442      804     1623     2685 |     10133
                                   1224      340      417      331      221      335      542     1266     2114 |      6790
                                    954      262      332      288      184      328      507     1067     2042 |      5964
                     MNWC_Exp1      831      237      322      283      175      295      464     1049     2158 |      5814
                                    734      232      330      293      189      282      510     1255     2496 |      6321
                                    870      268      335      294      246      391      623     1552     3293 |      7872
                                   1074      382      423      443      349      548      967     2552     6423 |     13161
                                   6015     2116     1663     2050     1753     3306     5388    42294   202143 |    266728

                    SUM           44940     8120     6560     5912     4446     6946    11122    55380   227201 |    370627
                                                       OBSERVATION
                                  30422     3661     2106     1444      949     1014     1359     2629     3722 |     47306
                                   2405      579      591      512      346      471      771     1673     2499 |      9847
                                   1191      314      375      321      205      302      575     1244     2031 |      6558
                                    921      237      335      268      182      335      437     1068     2038 |      5821
                     MNWC_Exp2      841      214      295      254      158      289      472     1029     2023 |      5575
                                    732      231      307      258      192      306      483     1181     2365 |      6055
                                    818      256      335      294      238      352      648     1475     3279 |      7695
                                   1113      389      449      424      343      538      973     2639     6475 |     13343
                                   6497     2239     1767     2137     1833     3339     5404    42442   202769 |    268427

                    SUM           44940     8120     6560     5912     4446     6946    11122    55380   227201 |    370627

