 <pre>

 Contingency table for Low clouds (octas)
 Selection: ALL    643 stations
Period: 20211209-20211229
Used {00,03,...,21} + 01 02 ... 09
 Limits    1.00000000       2.00000000       3.00000000       4.00000000       5.00000000       6.00000000       7.00000000    
 Each class is data <= limit, the very last > last limit
 Total number of values      670660
                                              OBSERVATION
                                 142248     6919     6264     4985     5292     5398    13445    26942 |    211493
                                   6031      994     1019      828      947     1079     2957     5111 |     18966
                                   4009      802      805      638      791      825     2203     4192 |     14265
                      MNWC_Ref     3233      713      721      556      755      759     2045     4082 |     12864
                                   2873      683      703      562      775      824     2257     4509 |     13186
                                   2877      739      825      605      853      979     2606     5387 |     14871
                                   3544     1131     1201      920     1223     1452     4095     9509 |     23075
                                  18489     8789    10516     8567    12024    14594    60647   228314 |    361940

                    SUM          183304    20770    22054    17661    22660    25910    90255   288046 |    670660
                                              OBSERVATION
                                 145532     7467     6870     5439     5856     6072    15757    33667 |    226660
                                   5619     1014     1048      831     1053     1086     2997     5573 |     19221
                                   3659      813      807      663      764      835     2343     4529 |     14413
                     MNWC_Exp0     3002      673      702      508      743      754     2033     4278 |     12693
                                   2622      688      719      563      776      818     2218     4558 |     12962
                                   2627      737      842      577      799      958     2634     5408 |     14582
                                   3206     1069     1184      926     1228     1439     4058     9562 |     22672
                                  17037     8309     9882     8154    11441    13948    58215   220471 |    347457

                    SUM          183304    20770    22054    17661    22660    25910    90255   288046 |    670660
                                              OBSERVATION
                                 141588     6787     6077     4927     5200     5201    13128    25600 |    208508
                                   6262     1014     1031      843      984     1049     2876     4992 |     19051
                                   4151      802      795      614      755      864     2370     4261 |     14612
                     MNWC_Exp1     3348      712      696      549      762      795     2165     4224 |     13251
                                   3004      690      772      540      755      841     2341     4585 |     13528
                                   3068      785      798      632      887     1000     2619     5539 |     15328
                                   3615     1114     1202      935     1276     1484     4078     9622 |     23326
                                  18268     8866    10683     8621    12041    14676    60678   229223 |    363056

                    SUM          183304    20770    22054    17661    22660    25910    90255   288046 |    670660
                                              OBSERVATION
                                 142057     6874     6250     4968     5252     5369    13341    26775 |    210886
                                   6079      994     1005      813      964     1064     2957     5018 |     18894
                                   4048      811      793      635      785      833     2260     4195 |     14360
                     MNWC_Exp2     3289      726      719      559      744      759     2001     4133 |     12930
                                   2848      704      718      550      801      829     2242     4539 |     13231
                                   2895      732      830      606      843      991     2624     5343 |     14864
                                   3582     1133     1175      960     1212     1458     4099     9626 |     23245
                                  18506     8796    10564     8570    12059    14607    60731   228417 |    362250

                    SUM          183304    20770    22054    17661    22660    25910    90255   288046 |    670660

