 <pre>

 Contingency table for Cloud base (m)
 Selection: ALL    675 stations
Period: 20211209-20211229
Used {00,03,...,21} + 01 02 ... 09
 Limits    70.0000000       150.000000       300.000000       600.000000       1000.00000       1500.00000       2500.00000       5000.00000    
 Each class is data <= limit, the very last > last limit
 Total number of values      667115
                                                       OBSERVATION
                                  25340    18109     6413     2324     1249      911      450      232     3723 |     58751
                                  10707    17908    10045     2809     1311      666      411      236     1135 |     45228
                                   8368    23802    29471    10524     2980     1110      472      575     1277 |     78579
                                   4600    11248    31481    37153    11192     2796      845     1705     2371 |    103391
                      MNWC_Ref     2174     4153     9192    16698    19265     6355     1294     1417     2181 |     62729
                                    947     1850     4463     7024     9082    10253     1942      919     1272 |     37752
                                    426      999     2919     4504     3711     4571     5064     1527     1141 |     24862
                                    433      848     2360     3468     2599     1845     3380     7745     1967 |     24645
                                   5335     7531    14820    22625    21785    17571    14318    19643   107550 |    231178

                    SUM           58330    86448   111164   107129    73174    46078    28176    33999   122617 |    667115
                                                       OBSERVATION
                                  23542    16738     5741     2147     1276      944      476      235     3665 |     54764
                                  10096    16707     8998     2555     1186      596      388      224     1017 |     41767
                                   8308    23100    27105     9603     2711      989      400      522     1093 |     73831
                                   5283    12151    31725    35734    10740     2513      742     1564     2140 |    102592
                     MNWC_Exp0     2432     4492     9797    16900    18932     5962     1147     1338     1941 |     62941
                                   1020     1993     4848     7030     8832    10125     1766      810     1216 |     37640
                                    515     1046     3052     4547     3675     4382     4758     1354     1068 |     24397
                                    517      944     2481     3497     2600     1814     3282     7305     1821 |     24261
                                   6617     9277    17417    25116    23222    18753    15217    20647   108656 |    244922

                    SUM           58330    86448   111164   107129    73174    46078    28176    33999   122617 |    667115
                                                       OBSERVATION
                                  26672    19631     7386     2536     1225      791      359      194     3321 |     62115
                                  10045    18463    10623     2973     1289      645      315      225     1005 |     45583
                                   7584    22374    29561    11322     3135     1116      390      613     1212 |     77307
                                   4515    10703    29901    36154    11341     3101      893     1679     2482 |    100769
                     MNWC_Exp1     2166     4026     9247    16394    19340     6337     1364     1408     2230 |     62512
                                    989     1919     4594     7139     8935    10209     2065      958     1371 |     38179
                                    439     1128     3083     4808     3831     4725     5232     1728     1211 |     26185
                                    454      905     2316     3609     2524     1831     3491     7919     2043 |     25092
                                   5466     7299    14453    22194    21554    17323    14067    19275   107742 |    229373

                    SUM           58330    86448   111164   107129    73174    46078    28176    33999   122617 |    667115
                                                       OBSERVATION
                                  25419    18125     6453     2331     1250      908      446      231     3734 |     58897
                                  10709    17959    10050     2818     1305      663      417      235     1127 |     45283
                                   8356    23728    29493    10548     3016     1104      469      579     1271 |     78564
                                   4518    11232    31415    37206    11244     2803      844     1712     2368 |    103342
                     MNWC_Exp2     2183     4171     9184    16593    19219     6387     1283     1410     2181 |     62611
                                    921     1828     4514     7061     9072    10251     1972      925     1268 |     37812
                                    453      993     2898     4530     3730     4567     5065     1552     1130 |     24918
                                    418      865     2413     3498     2586     1852     3371     7801     2021 |     24825
                                   5353     7547    14744    22544    21752    17543    14309    19554   107517 |    230863

                    SUM           58330    86448   111164   107129    73174    46078    28176    33999   122617 |    667115

